1100101010101001010101000101001111101010
0100101001001001010100100101110101010101
0101001001001111010100101001010101010010
1101010101010010101010010101100101010110
1101010010010100110101001101010100101100
1101010100101010001010101001010101011010
1101010100101010100110101010101110100101
1010101001010101010100101010100101010010
1011100101000101001010101001010010100101
1010100101010110100100100101010101011011
1010101010110101010101000101001010101011
1110010111110101010010010101010011111111
1010001010010001001011001010101010010111
1110110001010010010010100101010101010010
1010100101010100101010010101010010010010
1011010100001000111111111100001010010101
1010001001101010100100110010110100101010
1010100101101010000101001001010010100100
1111111100000001010000000000001010101010
1100100101000100100101001010010100100010
1010010100101010100101001001010101010011
0101010001000101010010000011010101010101
1101010100101110100101010101101001110111
0101101010010010010101101010100101001010
1101010110101010101000101010100101101011
1110010101001010101001010100101010100101
1010100101010010101010100100010111110001
0101010001010100100101010100101001101011
1010100101010101010010011111111101001011
1010010101010001000100100001010010101011
1010100101001010010100101010100101010100
1010010100110010010100101011010100100100
1010010100111111001001001001010100101001
1010100101010001010010100101001010100101
1101001010001010010100100101001100101001
0101001010100110100100101010010100100101
1010110101001010100101001010010100100100
1010100010100101000100101010100100110001
1010010100100100101011110101001010101010
1010100101000010001111111111111110010100